[[0.432 0.    0.144 0.24  0.144 0.    0.    0.04  0.    0.    0.   ]
 [0.008 0.904 0.056 0.    0.    0.    0.    0.    0.032 0.    0.   ]
 [0.416 0.008 0.552 0.    0.    0.    0.    0.    0.024 0.    0.   ]
 [0.112 0.    0.216 0.664 0.    0.    0.    0.    0.    0.    0.008]
 [0.    0.    0.08  0.032 0.56  0.    0.    0.    0.168 0.16  0.   ]
 [0.    0.064 0.    0.    0.    0.8   0.    0.    0.    0.136 0.   ]
 [0.    0.    0.    0.032 0.    0.    0.968 0.    0.    0.    0.   ]
 [0.    0.    0.    0.    0.    0.    0.016 0.984 0.    0.    0.   ]
 [0.    0.    0.096 0.008 0.    0.    0.    0.    0.896 0.    0.   ]
 [0.    0.    0.032 0.    0.008 0.224 0.    0.    0.032 0.704 0.   ]
 [0.    0.    0.016 0.024 0.    0.    0.    0.056 0.    0.    0.904]]